<!Doctype HTML>
<html>
<?xml version="1.0" encoding="utf-8" ?>
<svg xmlns="http://www.w3.org/2000/svg" xmlns:xlink="http://www.w3.org/1999/xlink" width="100" height="91">
	<defs>
		<linearGradient id="gradient_0" gradientUnits="userSpaceOnUse" x1="944.63605" y1="111.71267" x2="176.1111" y2="896.18909">
			<stop offset="0" stop-color="#A26526"/>
			<stop offset="1" stop-color="#D29756"/>
		</linearGradient>
	</defs>
	<path fill="url(#gradient_0)" transform="scale(0.0764526 0.0764706)" d="M323.134 93.5082C355.142 91.5186 383.984 102.334 405.709 125.891C411.181 131.824 415.54 140.604 421.997 145.322C424.317 147.017 427.523 147.531 430.317 147.757C438.988 148.459 448.18 147.721 456.913 147.708L512.552 147.667L711.53 147.578C767.353 147.38 823.708 144.888 879.113 153.463C974.623 168.244 1072.75 218.936 1130.43 298.009C1141.55 313.245 1151.85 329.565 1160.15 346.52C1200.19 428.379 1208.22 529.531 1194.09 618.661Q1192.8 626.618 1191.18 634.514Q1189.56 642.41 1187.61 650.233Q1185.67 658.055 1183.4 665.791Q1181.13 673.526 1178.55 681.161Q1175.96 688.797 1173.07 696.318Q1170.17 703.84 1166.96 711.235Q1163.76 718.631 1160.25 725.887Q1156.74 733.144 1152.93 740.249C1144.14 757.031 1135.12 773.734 1124.15 789.21C1070.64 864.69 988.34 916.614 904.36 952.25C887.804 959.275 870.486 965.478 853.209 970.475C835.436 975.614 816.188 978.185 799.925 987.434C784.139 996.412 773.143 1011.69 760.465 1024.32C752.591 1032.16 743.959 1039.12 734.969 1045.63C666.82 1095.03 592.693 1119.38 510.163 1132.69C487.687 1136.32 463.513 1140.81 440.777 1137.08C426.118 1134.68 408.903 1129.4 399.925 1116.63C392.087 1105.48 393.399 1091.51 395.623 1078.8C406.502 1016.6 440.552 970.67 491.544 934.839C442.425 897.148 413.366 839.724 397.358 780.989C393.194 765.713 388.888 747.092 397.436 732.472C402.927 723.078 412.777 717.762 423.083 715.238C472.317 703.178 587.807 728.798 634.524 749.574C659.18 760.54 681.651 775.983 704.753 789.811C738.08 810.951 765.539 837.416 792.178 866.248C819.477 865.614 847.952 857.985 871.643 844.368C902.178 826.819 925.138 800.583 934.352 766.183C947.426 717.378 942.73 638.896 917.035 594.594C894.364 555.508 852.716 538.337 811.148 527.173C805.532 537.389 798.221 547.053 791.665 556.699Q773.241 583.872 754.506 610.832C741.484 629.667 726.574 656.127 710.829 671.936C708.872 673.902 706.382 676.841 703.452 676.671C693.335 676.081 666.319 654.345 658.831 646.691C664.797 629.211 687.662 600.69 699.133 584.319C715.118 561.505 731.079 538.704 745.377 514.778C734.593 514.348 723.68 514.148 712.994 512.53C708.827 520.617 703.382 528.283 698.264 535.784C686.529 552.986 673.858 569.514 661.937 586.584C640.813 616.831 621.737 648.233 599.726 677.913C594.519 676.226 589.445 673.714 584.572 671.222C573.882 665.756 555.57 656.288 551.74 644.388C552.218 640.521 555.283 636.268 557.351 633.042C569.227 614.521 582.707 596.633 595.307 578.576C611.554 555.292 627.16 531.659 642.842 507.994Q627.468 506.991 612.073 506.38C606.432 516.022 599.641 525.334 593.339 534.567L551.265 595.253C534.862 619.242 520.856 645.375 501.526 667.138C483.719 659.097 467.488 646.887 451.857 635.332C465.705 612.134 482.328 590.085 497.721 567.865C511.629 547.789 524.623 527.16 538.985 507.391C497.439 505.849 455.735 508.234 414.254 505.825Q392.932 504.523 371.809 501.34Q350.686 498.156 329.927 493.116C313.272 489.244 296.213 485.207 280.403 478.554C268.031 473.348 256.993 465.703 245.182 459.443C235.08 454.089 224.498 449.655 214.525 444.05C198.243 434.899 183.986 422.549 170.503 409.741Q156.137 396.341 143.044 381.694Q129.952 367.046 118.242 351.272C91.7844 315.217 43.5407 227.453 42.7223 182.99C42.5471 173.474 44.8656 164.091 51.8472 157.246C57.3896 151.812 66.2792 149.987 73.7183 148.914C94.7982 145.876 116.802 147.594 138.067 147.655L240.814 147.708Q245.344 140.243 250.658 133.313C268.809 109.986 293.947 97.0603 323.134 93.5082ZM647.313 190.64C625.054 191.094 621.185 191.835 605.156 208.664C563.938 251.939 543.353 306.05 545.047 365.644C546.016 399.707 553.417 431.369 562.87 463.921Q628.23 463.885 693.484 467.612C722.832 469.071 752.207 470.218 781.222 475.15Q783.486 468.579 786.041 462.117Q788.596 455.654 791.438 449.311Q794.279 442.969 797.401 436.76Q800.523 430.551 803.919 424.488Q807.316 418.425 810.98 412.52Q814.644 406.615 818.568 400.879Q822.492 395.143 826.668 389.589Q830.845 384.034 835.265 378.672C892.514 313.001 946.345 276.407 1032.36 258.08C982.031 225.786 922.911 200.117 862.974 193.78C823.109 189.565 783.125 191.258 743.133 191.512C711.252 191.715 679.173 189.214 647.313 190.64ZM433.766 191.011C430.691 222.393 421.877 249.389 396.89 270.107C376.592 286.937 349.194 296.18 322.81 293.714Q321.501 293.584 320.195 293.422Q318.89 293.26 317.588 293.066Q316.287 292.872 314.991 292.646Q313.695 292.421 312.405 292.164Q311.114 291.906 309.831 291.618Q308.547 291.329 307.271 291.009Q305.995 290.69 304.727 290.339Q303.459 289.988 302.2 289.606Q300.941 289.224 299.692 288.812Q298.442 288.4 297.203 287.957Q295.964 287.514 294.737 287.042Q293.509 286.569 292.293 286.066Q291.077 285.564 289.874 285.031Q288.671 284.499 287.481 283.938Q286.291 283.377 285.115 282.786Q283.939 282.196 282.778 281.577Q281.617 280.959 280.472 280.312Q279.326 279.665 278.196 278.99Q277.067 278.316 275.954 277.614Q274.841 276.912 273.746 276.183Q272.651 275.454 271.574 274.698Q270.497 273.943 269.438 273.161Q268.38 272.379 267.341 271.572Q266.302 270.765 265.283 269.933Q264.264 269.101 263.266 268.244Q262.267 267.387 261.29 266.506Q260.313 265.625 259.358 264.72Q258.402 263.816 257.469 262.888Q256.536 261.96 255.626 261.01Q254.716 260.06 253.829 259.088Q252.943 258.116 252.08 257.123Q251.217 256.129 250.379 255.115C235.863 237.395 229.831 213.61 229.352 191.002C190.304 191.912 151.126 190.048 112.127 191.323C103.304 191.619 94.3565 191.404 85.5657 192.061C94.6852 213.844 100.491 236.76 110.168 258.449C137.076 318.758 181.408 375.647 237.928 410.736C259.739 424.277 283.581 434.576 307.283 444.296C373.829 471.584 402.48 465.303 471.723 462.718C486.848 462.153 502.521 461.229 517.61 462.281C513.364 446.965 511.292 431.557 509.243 415.827C506.039 391.236 503.774 367.042 503.762 342.219C504.533 298.758 517.915 258.218 540.908 221.508C547.441 211.079 554.677 200.382 563.479 191.738C520.32 190.266 476.953 190.807 433.766 191.011ZM435.807 754.201C444.544 803.459 465.536 851.83 501.437 887.389C507.292 893.188 513.487 899.204 520.261 903.912C530.674 911.15 554.604 923.931 556.713 937.021C557.339 940.904 555.527 944.292 553.166 947.218C546.083 956 534.234 961.493 524.645 967.118C489.867 987.517 464.556 1012.31 449.171 1050.27C445.156 1060.18 439.149 1071.98 440.313 1082.93C440.775 1087.27 442.504 1091.53 446.039 1094.26C456.415 1102.27 488.697 1096.88 501.902 1094.7C512.041 1093.03 569.378 1082.25 574.579 1077.97C580.478 1078.28 602.125 1071.74 606.96 1068.17C611.138 1068.31 619.391 1063.87 623.636 1062.18C665.739 1045.47 701.607 1021.64 734.73 990.765C751.841 974.814 771.507 955.769 772.263 930.86C772.915 909.366 760.858 892.893 746.648 877.967C731.458 862.012 714.046 848.115 696.162 835.316Q692.792 832.913 689.377 830.574Q685.963 828.235 682.504 825.961Q679.046 823.687 675.545 821.479Q672.044 819.271 668.503 817.129Q664.961 814.987 661.379 812.913Q657.797 810.838 654.177 808.832Q650.557 806.826 646.9 804.888Q643.242 802.951 639.549 801.083Q635.855 799.214 632.127 797.417Q628.399 795.619 624.638 793.891Q620.877 792.164 617.083 790.509Q613.29 788.853 609.466 787.269Q605.642 785.685 601.789 784.174Q597.936 782.663 594.055 781.225Q590.174 779.786 586.266 778.422Q582.359 777.057 578.426 775.767Q574.494 774.476 570.538 773.26Q566.581 772.045 562.603 770.904Q558.624 769.763 554.625 768.697Q550.626 767.632 546.607 766.642Q542.588 765.652 538.551 764.738Q534.515 763.825 530.461 762.987Q526.408 762.15 522.339 761.39Q518.271 760.629 514.189 759.946Q510.107 759.263 506.013 758.656Q501.919 758.05 497.814 757.521Q493.709 756.993 489.594 756.542Q485.48 756.091 481.358 755.718Q477.236 755.344 473.108 755.049Q468.98 754.754 464.847 754.537Q460.713 754.32 456.577 754.181Q452.44 754.042 448.302 753.981C444.113 753.884 439.988 753.861 435.807 754.201ZM1060.91 296.643C986.48 303.679 920.471 342.65 873.197 399.758C852.84 424.351 832.018 452.514 822.672 483.47C879.653 503.161 931.978 529.484 960.61 585.473C965.323 595.778 969.389 606.361 973.36 616.97C1020.68 585.472 1082.73 569.242 1139.08 580.528Q1147.88 582.317 1156.48 584.919C1158.62 502.982 1155.59 421.333 1113.97 348.195C1104.48 331.527 1093.01 314.958 1079.74 301.066Q1077.45 298.668 1075.03 296.4C1070.33 296.364 1065.59 296.184 1060.91 296.643ZM1096.25 619.876C1055.31 622.269 1016.55 639.795 982.07 661.163C983.162 715.781 987.671 761.452 961.777 812.04C973.439 828.551 981.933 844.67 989.912 863.229Q997.247 857.592 1004.28 851.583C1026.22 833.878 1047.24 815.979 1066.13 794.95C1107.68 748.697 1136.17 687.901 1148.38 627.182C1132.76 623.164 1112.26 618.037 1096.25 619.876ZM327.152 135.03C311.377 136.771 296.072 144.836 286.091 157.262C276.228 169.541 272.021 185.805 273.835 201.384Q273.984 202.768 274.203 204.144Q274.422 205.519 274.71 206.881Q274.998 208.243 275.354 209.59Q275.71 210.936 276.133 212.262Q276.556 213.589 277.046 214.893Q277.535 216.196 278.089 217.473Q278.644 218.751 279.262 219.998Q279.88 221.246 280.56 222.461Q281.24 223.676 281.98 224.856Q282.72 226.035 283.519 227.176Q284.318 228.316 285.173 229.415Q286.028 230.514 286.937 231.569Q287.846 232.623 288.808 233.63Q289.769 234.638 290.779 235.596Q291.79 236.553 292.848 237.459Q293.905 238.365 295.007 239.216C307.461 248.865 321.96 251.957 337.464 251.689C354.485 248.568 369.165 242.537 379.416 227.876C388.348 215.1 391.192 198.055 388.392 182.848Q388.133 181.468 387.806 180.103Q387.479 178.737 387.085 177.389Q386.69 176.042 386.23 174.715Q385.77 173.389 385.244 172.087Q384.719 170.785 384.129 169.511Q383.54 168.236 382.888 166.992Q382.237 165.749 381.524 164.539Q380.812 163.329 380.041 162.156Q379.269 160.983 378.441 159.849Q377.612 158.716 376.729 157.625Q375.845 156.533 374.909 155.487Q373.972 154.441 372.985 153.443Q371.998 152.445 370.963 151.496Q369.927 150.548 368.846 149.652Q367.765 148.756 366.641 147.915Q365.517 147.074 364.353 146.289C353.555 138.961 340.237 134.673 327.152 135.03ZM935.366 848.315C900.359 882.413 862.093 899.271 814.099 906.623Q814.703 923.128 815.555 939.622L826.584 937.089C859.414 927.803 890.559 916.774 921.474 902.202C931.284 897.578 941.313 892.932 950.571 887.252C947.772 875.92 944.612 856.162 935.366 848.315Z"/>
	<path fill="#FBF6EF" transform="scale(0.0764526 0.0764706)" d="M574.579 1077.97C574.91 1077.42 575.278 1076.9 575.698 1076.4C580.312 1071.01 592.093 1065.84 599.16 1065.34C602.552 1065.11 604.476 1065.91 606.96 1068.17C602.125 1071.74 580.478 1078.28 574.579 1077.97Z"/>
</svg>
</html>